ENROLLNUMBER  QUIZ-5          QUIZ-6
=========================================
17162101001	14		18
17162101002	14		14
17162101004	18		12
17162101007	16		18
17162101008	14		12
17162101010	20		20
17162101011	12		12
17162101012
17162101014	12		10
17162101016
17162101017	20		20
17162101018	20		20
17162101019	20		20
17162101020
17162101022	20		18
17162101024	8		12
17162101025	18		16
17162101026	20		20
17162101028			18
17162101029			20
17162101030			16
17162101031			14
17162101032			14
17162101036			20
17162101037			18
17162101040
17162101041
17162101044			16
17162101045			16
17162101046			16
17162101047
17162101048
17162101049
17162101050
18162102001
16012101005			
16012101045			14			
17162111001
17162111002			16
17162111003			14
17162111005			16
17162111006			16
17162111008			16
14012111006			20






  still pending work 52-53



